             precision    recall  f1-score   support

      books       0.91      0.91      0.91       490
     camera       0.76      0.98      0.86       474
        dvd       0.91      0.89      0.90       511
     health       0.97      0.73      0.83       530
      music       0.94      0.93      0.94       525
   software       0.90      0.93      0.91       449

avg / total       0.90      0.89      0.89      2979



             precision    recall  f1-score   support

        neg       0.84      0.82      0.83      1540
        pos       0.81      0.84      0.82      1439

avg / total       0.83      0.83      0.83      2979

Binary:
[[ 0.52808227  0.47191773]
 [ 0.28056395  0.71943605]
 [ 0.73489084  0.26510916]
 ...,
 [ 0.32242054  0.67757946]
 [ 0.58021586  0.41978414]
 [ 0.78035644  0.21964356]]

 Multi:
 [[ 0.14680012  0.1152495   0.08634145  0.47392747  0.04433552  0.13334593]
 [ 0.15424524  0.01382021  0.72419274  0.01343912  0.07744528  0.01685741]
 [ 0.00690135  0.03109302  0.00817811  0.00983671  0.00332952  0.94066129]
 ...,
 [ 0.01650236  0.84688663  0.01536382  0.04611711  0.01075017  0.06437991]
 [ 0.12283968  0.12994681  0.10203327  0.51339297  0.07919294  0.05259433]
 [ 0.05237549  0.41904252  0.09962694  0.19470154  0.06844157  0.16581195]]